RUNNING THE L-BFGS-B CODE

it    = iteration number
nf    = number of function evaluations
nseg  = number of segments explored during the Cauchy search
nact  = number of active bounds at the generalized Cauchy point
sub   = manner in which the subspace minimization terminated:
        con = converged, bnd = a bound was reached
itls  = number of iterations performed in the line search
stepl = step length used
tstep = norm of the displacement (total step)
projg = norm of the projected gradient
f     = function value

           * * *

Machine precision = 2.220D-16
 N =           12     M =           20

   it   nf  nseg  nact  sub  itls  stepl    tstep     projg        f
    0    1     -     -   -     -     -        -     6.439D-01  3.444D+02
    1    3     7    11  ---    1  2.3D-01  2.9D-01  7.256D-01  1.407D+02
    2    4     1     4  con    0  1.0D+00  1.4D-01  7.150D-01  7.297D+01
    3    5     1     3  bnd    0  1.0D+00  2.3D-01  5.000D-01  5.022D+00
    4    6     1     3  con    0  1.0D+00  9.8D-03  6.448D-01  4.898D+00
    5    7     1     3  con    0  1.0D+00  2.2D-02  6.411D-01  4.728D+00
    6    8     1     3  con    0  1.0D+00  4.0D-02  6.318D-01  4.467D+00
    7    9     1     3  con    0  1.0D+00  1.1D-01  7.967D-01  3.794D+00
    8   10     1     2  con    0  1.0D+00  1.8D-01  9.398D-01  2.869D+00
    9   11     1     2  bnd    0  1.0D+00  1.2D-01  5.033D-01  2.194D+00
   10   12     1     3  con    0  1.0D+00  8.7D-03  4.973D-01  2.171D+00
   11   14     1     3  con    1  5.0D+00  1.8D-03  5.017D-01  2.168D+00
   12   15     1     3  con    0  1.0D+00  7.8D-03  7.990D-01  2.156D+00
   13   16     1     3  con    0  1.0D+00  1.4D-02  8.030D-01  2.139D+00
   14   18     1     2  bnd    1  3.3D-01  1.1D-02  5.059D-01  2.128D+00
   15   19     1     3  con    0  1.0D+00  1.2D-02  5.083D-01  2.124D+00
   16   21     1     3  con    1  5.0D+00  4.1D-02  5.192D-01  2.084D+00
   17   22     1     3  con    0  1.0D+00  5.0D-02  5.325D-01  2.068D+00
   18   23     1     3  con    0  1.0D+00  2.8D-03  5.322D-01  2.067D+00
   19   24     1     3  con    0  1.0D+00  6.3D-03  2.728D-01  2.066D+00
   20   25     1     3  con    0  1.0D+00  1.0D-02  9.715D-02  2.065D+00
   21   26     1     3  con    0  1.0D+00  1.3D-02  1.331D-01  2.065D+00
   22   27     1     2  bnd    0  1.0D+00  5.4D-03  5.429D-02  2.064D+00
   23   28     1     2  con    0  1.0D+00  4.0D-03  6.236D-02  2.064D+00
   24   29     1     2  con    0  1.0D+00  1.5D-02  9.203D-02  2.064D+00
   25   30     1     2  con    0  1.0D+00  5.8D-02  1.848D-01  2.063D+00
   26   32     1     2  bnd    1  3.6D-03  2.6D-04  2.768D-01  2.063D+00
   27   49     1     2  bnd   16  9.2D-11  6.6D-12  2.757D-01  2.063D+00
   28   51     1     2  bnd    1  1.8D-03  4.2D-05  1.638D-01  2.063D+00
   29   52     1     2  con    0  1.0D+00  4.5D-03  3.782D-01  2.063D+00
   30   53     1     2  con    0  1.0D+00  3.9D-03  9.240D-02  2.063D+00
   31   54     1     2  con    0  1.0D+00  2.4D-03  8.859D-02  2.063D+00
   32   55     1     2  con    0  1.0D+00  1.3D-03  1.127D-01  2.063D+00
   33   56     1     2  con    0  1.0D+00  1.9D-03  3.877D-01  2.063D+00
   34   57     1     2  con    0  1.0D+00  4.6D-03  5.673D-01  2.063D+00
   35   59     1     2  con    1  5.0D+00  6.4D-02  5.865D-01  2.062D+00
   36   60     1     2  bnd    0  1.0D+00  9.0D-03  5.894D-01  2.062D+00
   37   61     1     3  con    0  1.0D+00  6.6D-03  3.622D-01  2.061D+00
   38   63     1     2  bnd    1  2.3D-04  6.6D-05  3.693D-02  2.061D+00
   39   64     1     3  con    0  1.0D+00  1.9D-03  3.823D-02  2.061D+00
   40   65     1     3  con    0  1.0D+00  5.9D-04  2.406D-03  2.061D+00
   41   68     1     3  con    2  7.3D-02  8.5D-06  1.518D-03  2.061D+00
   42   69     1     3  con    0  1.0D+00  1.8D-05  1.808D-03  2.061D+00
   43   71     1     3  con    1  3.1D-01  8.4D-06  1.514D-03  2.061D+00
   44   73     1     3  con    1  2.7D-01  3.0D-06  1.275D-03  2.061D+00
   45   75     1     3  con    1  5.0D+00  1.7D-05  8.596D-03  2.061D+00
   46   82     1     3  con    6  2.8D-02  6.0D-06  1.111D-02  2.061D+00
   47   90     1     3  con    7  2.5D-09  9.5D-14  1.112D-02  2.061D+00
   48   91     1     3  con    0  1.0D+00  6.7D-06  1.025D-02  2.061D+00
   49   92     1     3  con    0  1.0D+00  4.8D-06  3.646D-03  2.061D+00
   50   93     1     3  con    0  1.0D+00  2.1D-06  2.495D-03  2.061D+00
   51   94     1     3  con    0  1.0D+00  7.1D-06  3.811D-03  2.061D+00
   52   96     1     3  con    1  4.2D-01  1.4D-06  2.332D-03  2.061D+00
   53  118     1     3  ---    1  8.1D-04  2.9D-06  7.191D-03  2.061D+00
   54  119     1     3  con    0  1.0D+00  8.3D-07  1.507D-03  2.061D+00
   55  120     1     3  con    0  1.0D+00  7.8D-07  1.461D-03  2.061D+00
   56  121     1     3  con    0  1.0D+00  6.1D-06  8.398D-03  2.061D+00
   57  122     1     3  con    0  1.0D+00  1.9D-06  3.701D-03  2.061D+00
   58  124     1     3  con    1  3.0D-01  1.1D-05  4.524D-03  2.061D+00
   59  128     1     3  con    3  7.7D+00  6.5D-06  8.782D-03  2.061D+00
   60  129     1     3  con    0  1.0D+00  1.5D-06  2.598D-03  2.061D+00
   61  131     1     3  con    1  2.4D-01  2.1D-06  1.831D-03  2.061D+00
   62  134     1     3  con    2  1.3D-01  2.4D-06  3.650D-03  2.061D+00
   63  137     1     3  con    2  1.0D-01  2.6D-06  4.543D-03  2.061D+00
   64  138     1     3  con    0  1.0D+00  5.5D-07  3.168D-03  2.061D+00
   65  139     1     3  con    0  1.0D+00  1.5D-06  2.291D-03  2.061D+00
   66  140     1     3  con    0  1.0D+00  4.8D-06  6.865D-03  2.061D+00
   67  143     1     3  con    2  5.2D-02  5.7D-07  6.297D-03  2.061D+00
   68  144     1     3  con    0  1.0D+00  2.2D-06  8.110D-03  2.061D+00
   69  145     1     3  con    0  1.0D+00  2.0D-06  1.834D-03  2.061D+00
   70  146     1     3  con    0  1.0D+00  2.6D-07  1.470D-03  2.061D+00
   71  147     1     3  con    0  1.0D+00  9.7D-07  4.362D-03  2.061D+00
   72  148     1     3  con    0  1.0D+00  2.1D-06  3.916D-03  2.061D+00
   73  149     1     3  con    0  1.0D+00  8.4D-07  2.839D-03  2.061D+00
   74  150     1     3  con    0  1.0D+00  3.8D-06  3.957D-03  2.061D+00
   75  152     1     3  con    1  2.6D-01  7.8D-06  1.077D-02  2.061D+00
   76  153     1     3  con    0  1.0D+00  1.4D-06  5.189D-03  2.061D+00
   77  154     1     3  con    0  1.0D+00  4.6D-06  1.515D-03  2.061D+00
   78  155     1     3  con    0  1.0D+00  2.2D-06  1.979D-03  2.061D+00
   79  158     1     3  con    2  2.4D-02  1.9D-06  4.335D-03  2.061D+00
   80  160     1     3  con    1  5.4D-02  4.3D-06  8.681D-03  2.061D+00
   81  164     1     3  con    3  1.8D+00  6.1D-06  1.099D-02  2.061D+00
   82  165     1     3  con    0  1.0D+00  2.9D-06  6.357D-03  2.061D+00
   83  166     1     3  con    0  1.0D+00  1.1D-05  2.452D-03  2.061D+00
   84  168     1     3  con    1  2.0D-01  2.8D-06  4.009D-03  2.061D+00
   85  169     1     3  con    0  1.0D+00  1.7D-06  1.882D-03  2.061D+00
   86  174     1     3  con    4  2.0D-01  3.3D-06  2.333D-03  2.061D+00
   87  175     1     3  con    0  1.0D+00  2.2D-06  1.436D-03  2.061D+00
   88  176     1     3  con    0  1.0D+00  8.1D-07  2.682D-03  2.061D+00
   89  178     1     3  con    1  8.4D-02  4.2D-06  9.281D-03  2.061D+00
   90  179     1     3  con    0  1.0D+00  2.3D-06  8.609D-03  2.061D+00
   91  180     1     3  con    0  1.0D+00  1.7D-05  7.534D-03  2.061D+00
   92  181     1     3  con    0  1.0D+00  3.1D-05  2.260D-03  2.061D+00
   93  182     1     3  con    0  1.0D+00  6.7D-06  3.670D-03  2.061D+00
   94  184     1     3  con    1  3.9D-01  1.3D-05  9.493D-03  2.061D+00
   95  186     1     3  con    1  4.8D-01  2.0D-05  1.231D-02  2.061D+00
   96  187     1     3  con    0  1.0D+00  4.9D-06  6.079D-03  2.061D+00
   97  189     1     3  con    1  4.5D-01  2.2D-05  7.945D-03  2.061D+00
   98  190     1     3  con    0  1.0D+00  1.9D-05  1.237D-02  2.061D+00
   99  192     1     3  con    1  5.0D+00  2.5D-04  1.178D-02  2.061D+00
  100  193     1     3  con    0  1.0D+00  2.7D-05  1.393D-03  2.061D+00
  101  194     1     3  con    0  1.0D+00  1.4D-04  3.793D-02  2.061D+00
  102  204     1     3  con    9  3.6D-07  1.0D-09  3.852D-02  2.061D+00
  103  205     1     3  con    0  1.0D+00  2.3D-06  3.282D-02  2.061D+00
  104  206     1     3  con    0  1.0D+00  8.6D-06  2.569D-03  2.061D+00
  105  211     1     3  con    4  1.0D-02  1.4D-08  1.404D-03  2.061D+00
  106  213     1     3  con    1  5.0D+00  4.6D-06  7.021D-03  2.061D+00
  107  214     1     3  con    0  1.0D+00  2.6D-05  2.292D-02  2.061D+00
  108  215     1     3  con    0  1.0D+00  1.4D-06  1.611D-02  2.061D+00
  109  216     1     3  con    0  1.0D+00  3.6D-05  7.805D-03  2.061D+00
  110  217     1     3  con    0  1.0D+00  4.2D-06  2.019D-03  2.061D+00
  111  218     1     3  con    0  1.0D+00  3.0D-05  1.163D-02  2.061D+00
  112  219     1     3  con    0  1.0D+00  6.0D-06  8.528D-03  2.061D+00
  113  220     1     3  con    0  1.0D+00  4.0D-05  1.351D-03  2.061D+00
  114  223     1     3  con    2  1.4D-01  8.9D-05  1.482D-02  2.061D+00
  115  233     1     3  con    9  9.9D-04  6.7D-08  1.498D-02  2.061D+00
  116  234     1     3  con    0  1.0D+00  2.1D-06  8.092D-03  2.061D+00
  117  235     1     3  con    0  1.0D+00  3.9D-06  3.970D-03  2.061D+00
  118  236     1     3  con    0  1.0D+00  1.3D-06  2.191D-03  2.061D+00
  119  238     1     3  con    1  1.3D-01  6.5D-06  6.703D-03  2.061D+00
  120  239     1     3  con    0  1.0D+00  4.5D-06  9.040D-03  2.061D+00
  121  240     1     3  con    0  1.0D+00  6.0D-06  6.715D-03  2.061D+00
  122  241     1     3  con    0  1.0D+00  1.4D-06  2.080D-03  2.061D+00
  123  243     1     3  con    1  4.9D-01  2.0D-06  1.972D-03  2.061D+00
  124  247     1     3  con    3  1.9D+00  1.1D-05  4.854D-03  2.061D+00
  125  248     1     3  con    0  1.0D+00  3.0D-06  2.484D-03  2.061D+00
  126  249     1     3  con    0  1.0D+00  3.0D-06  2.014D-03  2.061D+00
  127  250     1     3  con    0  1.0D+00  1.2D-06  1.038D-03  2.061D+00
  128  251     1     3  con    0  1.0D+00  6.0D-06  2.714D-03  2.061D+00
  129  253     1     3  con    1  3.0D-01  7.3D-06  2.299D-03  2.061D+00
  130  261     1     3  con    7  2.4D-08  3.4D-13  2.003D-03  2.061D+00
  131  262     1     3  con    0  1.0D+00  2.3D-06  1.514D-03  2.061D+00
  132  263     1     3  con    0  1.0D+00  1.0D-06  2.584D-03  2.061D+00
  133  264     1     3  con    0  1.0D+00  1.7D-06  1.498D-03  2.061D+00
  134  266     1     3  con    1  2.7D-01  1.4D-05  3.939D-03  2.061D+00
  135  268     1     3  con    1  5.0D+00  8.7D-06  3.945D-03  2.061D+00
  136  269     1     3  con    0  1.0D+00  3.9D-05  1.874D-02  2.061D+00
  137  281     1     3  con   11  5.3D-05  4.5D-09  1.759D-02  2.061D+00
  138  282     1     3  con    0  1.0D+00  1.2D-06  1.311D-02  2.061D+00
  139  283     1     3  con    0  1.0D+00  5.2D-06  3.975D-03  2.061D+00
  140  284     1     3  con    0  1.0D+00  3.4D-06  2.728D-03  2.061D+00
  141  287     1     3  con    2  3.2D+00  1.6D-05  9.386D-03  2.061D+00
  142  289     1     3  con    1  3.7D-01  1.3D-05  1.067D-02  2.061D+00
  143  290     1     3  con    0  1.0D+00  6.7D-06  4.098D-03  2.061D+00
  144  291     1     3  con    0  1.0D+00  1.4D-06  1.523D-03  2.061D+00
  145  294     1     3  con    2  6.0D-02  5.5D-06  1.486D-03  2.061D+00
  146  295     1     3  con    0  1.0D+00  2.4D-06  9.035D-04  2.061D+00
  147  297     1     3  con    1  5.2D-01  6.6D-07  1.265D-03  2.061D+00
  148  300     1     3  con    2  5.3D-01  9.2D-06  2.094D-03  2.061D+00
  149  301     1     3  con    0  1.0D+00  1.7D-06  2.173D-03  2.061D+00
  150  303     1     3  con    1  8.7D-02  2.6D-06  5.137D-03  2.061D+00
  151  304     1     3  con    0  1.0D+00  1.4D-06  3.509D-03  2.061D+00
  152  306     1     3  con    1  3.5D-01  6.1D-07  1.022D-03  2.061D+00
  153  308     1     3  con    1  2.9D-01  3.3D-07  1.286D-03  2.061D+00
  154  309     1     3  con    0  1.0D+00  4.9D-07  1.754D-03  2.061D+00
  155  310     1     3  con    0  1.0D+00  4.0D-06  5.028D-03  2.061D+00
  156  313     1     3  con    2  2.6D-01  2.6D-06  7.464D-03  2.061D+00
  157  314     1     3  con    0  1.0D+00  4.4D-06  6.932D-03  2.061D+00
  158  316     1     3  con    1  1.6D-01  3.7D-05  9.028D-03  2.061D+00
  159  318     1     3  con    1  2.6D-01  2.3D-05  8.139D-03  2.061D+00
  160  320     1     3  con    1  3.2D-01  2.9D-05  4.401D-03  2.061D+00
  161  321     1     3  con    0  1.0D+00  7.1D-06  2.377D-03  2.061D+00
  162  323     1     3  con    1  3.4D-01  1.5D-05  8.115D-03  2.061D+00
  163  324     1     3  con    0  1.0D+00  1.5D-05  8.968D-03  2.061D+00
  164  325     1     3  con    0  1.0D+00  1.5D-05  6.748D-03  2.061D+00
  165  326     1     3  con    0  1.0D+00  1.4D-05  8.813D-04  2.061D+00
  166  327     1     3  con    0  1.0D+00  8.4D-06  1.487D-03  2.061D+00
  167  334     1     3  con    6  9.2D+01  1.5D-03  2.421D-02  2.061D+00
  168  343     1     3  bnd    8  2.6D-06  5.3D-08  2.565D-02  2.061D+00
  169  348     1     3  con    4  3.5D-01  4.0D-04  1.629D-02  2.061D+00
  170  353     1     3  con    4  1.1D+00  1.4D-04  5.866D-03  2.061D+00
  171  357     1     3  con    3  1.2D+00  5.2D-04  3.316D-02  2.061D+00
  172  358     1     3  con    0  1.0D+00  1.3D-04  1.221D-02  2.061D+00
  173  359     1     3  con    0  1.0D+00  1.3D-04  1.644D-02  2.061D+00
  174  362     1     3  con    2  1.9D+00  1.9D-04  5.072D-03  2.061D+00
  175  368     1     3  con    5  3.0D+00  2.0D-04  1.892D-02  2.061D+00
  176  373     1     3  con    4  4.8D-03  7.0D-06  1.916D-02  2.061D+00
  177  374     1     3  con    0  1.0D+00  2.0D-05  1.182D-02  2.061D+00
  178  375     1     3  con    0  1.0D+00  1.5D-05  2.031D-02  2.061D+00
  179  376     1     3  con    0  1.0D+00  2.8D-05  2.626D-02  2.061D+00
  180  378     1     3  con    1  5.0D+00  1.3D-04  3.651D-02  2.061D+00
  181  379     1     3  con    0  1.0D+00  2.1D-05  7.575D-03  2.061D+00
  182  380     1     3  con    0  1.0D+00  1.2D-04  3.845D-02  2.061D+00
  183  381     1     3  con    0  1.0D+00  1.3D-05  1.329D-02  2.061D+00
  184  382     1     3  con    0  1.0D+00  9.7D-05  1.747D-02  2.061D+00
  185  384     1     3  con    1  5.0D+00  6.8D-05  3.856D-02  2.061D+00
  186  385     1     3  con    0  1.0D+00  1.8D-04  4.688D-02  2.061D+00
  187  386     1     3  con    0  1.0D+00  2.3D-03  3.985D-02  2.061D+00
  188  387     1     3  con    0  1.0D+00  3.9D-03  2.503D-02  2.061D+00
  189  388     1     3  con    0  1.0D+00  2.9D-03  4.322D-02  2.061D+00
  190  396     1     3  bnd    7  1.3D-01  8.3D-03  2.028D-01  2.061D+00
  191  408     1     3  bnd   11  7.0D-07  2.7D-08  2.019D-01  2.061D+00
  192  409     1     3  con    0  1.0D+00  6.2D-03  1.485D-01  2.061D+00
  193  410     1     3  con    0  1.0D+00  1.7D-03  1.008D-01  2.061D+00
  194  412     1     3  bnd    1  4.2D-01  5.7D-03  4.864D-03  2.061D+00
  195  425     1     3  bnd   12  1.8D-07  1.4D-09  4.718D-03  2.061D+00
  196  430     1     3  con    4  2.8D+00  6.2D-04  1.041D-02  2.061D+00
  197  431     1     3  con    0  1.0D+00  4.5D-05  1.899D-02  2.061D+00
  198  433     1     3  con    1  1.2D-01  1.5D-04  2.665D-02  2.061D+00
  199  434     1     3  con    0  1.0D+00  1.9D-05  1.820D-02  2.061D+00
  200  436     1     3  con    1  1.3D-01  4.7D-05  2.361D-02  2.061D+00
  201  437     1     3  con    0  1.0D+00  1.9D-05  1.857D-02  2.061D+00
  202  438     1     3  con    0  1.0D+00  3.0D-04  6.808D-02  2.061D+00
  203  440     1     3  con    1  5.0D+00  6.2D-04  7.990D-02  2.061D+00
  204  441     1     2  bnd    0  1.0D+00  9.7D-05  2.101D-02  2.061D+00
  205  442     1     3  con    0  1.0D+00  1.6D-04  1.424D-02  2.061D+00
  206  443     1     3  con    0  1.0D+00  7.1D-05  2.157D-03  2.061D+00
  207  444     1     3  con    0  1.0D+00  4.7D-05  9.812D-03  2.061D+00
  208  445     1     3  con    0  1.0D+00  1.4D-04  1.872D-02  2.061D+00
  209  446     1     3  con    0  1.0D+00  9.6D-05  1.676D-03  2.061D+00
  210  447     1     3  con    0  1.0D+00  2.4D-05  2.205D-03  2.061D+00
  211  451     1     3  con    3  4.8D-01  5.1D-05  7.250D-03  2.061D+00
  212  452     1     3  con    0  1.0D+00  4.4D-05  4.051D-03  2.061D+00
  213  455     1     3  con    2  8.9D-01  5.0D-04  1.894D-02  2.061D+00
  214  456     1     3  con    0  1.0D+00  1.9D-04  4.144D-03  2.061D+00
  215  460     1     3  con    3  5.6D-04  4.1D-08  4.888D-03  2.061D+00
  216  462     1     3  con    1  1.3D-01  9.9D-06  1.634D-03  2.061D+00
  217  464     1     3  con    1  2.0D-01  9.7D-06  2.458D-03  2.061D+00
  218  467     1     3  con    2  1.8D+00  5.7D-06  1.426D-03  2.061D+00
  219  468     1     3  con    0  1.0D+00  4.5D-06  2.529D-03  2.061D+00
  220  469     1     3  con    0  1.0D+00  3.6D-06  3.167D-03  2.061D+00
  221  470     1     3  con    0  1.0D+00  3.2D-06  3.261D-03  2.061D+00
  222  472     1     3  con    1  5.0D+00  8.1D-05  7.331D-03  2.061D+00
  223  473     1     3  con    0  1.0D+00  7.0D-04  3.500D-02  2.061D+00
  224  474     1     3  con    0  1.0D+00  2.3D-04  6.468D-03  2.061D+00
  225  477     1     3  con    2  9.7D-02  1.8D-05  7.194D-03  2.061D+00
  226  479     1     3  con    1  4.9D-01  1.9D-05  1.973D-02  2.061D+00
  227  480     1     3  con    0  1.0D+00  1.4D-05  1.383D-02  2.061D+00
  228  481     1     3  con    0  1.0D+00  2.3D-05  2.867D-03  2.061D+00
  229  482     1     3  con    0  1.0D+00  1.1D-05  4.960D-03  2.061D+00
  230  483     1     3  con    0  1.0D+00  6.8D-05  2.364D-02  2.061D+00
  231  484     1     3  con    0  1.0D+00  2.3D-04  5.544D-02  2.061D+00
  232  486     1     3  con    1  5.0D+00  7.0D-04  3.211D-02  2.061D+00
  233  487     1     3  con    0  1.0D+00  1.2D-04  9.401D-03  2.061D+00
  234  491     1     3  con    3  1.9D+00  8.9D-05  5.924D-03  2.061D+00
  235  492     1     3  con    0  1.0D+00  3.4D-05  1.155D-02  2.061D+00
  236  494     1     3  con    1  1.0D-01  7.3D-05  1.788D-02  2.061D+00
  237  495     1     3  con    0  1.0D+00  4.1D-05  4.304D-03  2.061D+00
  238  497     1     3  con    1  2.3D-01  6.5D-05  9.089D-03  2.061D+00
  239  499     1     3  con    1  5.0D-01  7.7D-05  1.582D-02  2.061D+00
  240  501     1     3  con    1  5.0D+00  1.5D-04  1.327D-02  2.061D+00
  241  503     1     3  con    1  5.0D+00  2.3D-04  7.242D-03  2.061D+00
  242  507     1     3  con    3  2.1D-02  1.2D-05  7.528D-03  2.061D+00
  243  508     1     3  con    0  1.0D+00  5.3D-05  4.932D-03  2.061D+00
  244  510     1     3  con    1  2.0D-01  7.3D-05  1.424D-02  2.061D+00
  245  512     1     3  con    1  3.7D-01  2.5D-05  1.169D-02  2.061D+00
  246  514     1     3  con    1  5.0D+00  9.0D-05  3.273D-02  2.061D+00
  247  515     1     3  con    0  1.0D+00  2.1D-05  1.789D-02  2.061D+00
  248  517     1     3  con    1  3.1D-01  1.2D-05  7.350D-03  2.061D+00
  249  519     1     3  con    1  2.1D-01  1.5D-05  5.624D-03  2.061D+00
  250  520     1     3  con    0  1.0D+00  5.0D-06  2.019D-03  2.061D+00
  251  522     1     3  con    1  2.9D-01  9.4D-06  4.286D-03  2.061D+00
  252  524     1     3  con    1  2.1D-01  5.6D-06  6.184D-03  2.061D+00
  253  526     1     3  con    1  5.0D+00  1.2D-05  1.136D-02  2.061D+00
  254  527     1     3  con    0  1.0D+00  3.3D-06  7.341D-03  2.061D+00
  255  528     1     3  con    0  1.0D+00  1.3D-05  8.985D-03  2.061D+00
  256  529     1     3  con    0  1.0D+00  4.0D-06  2.821D-03  2.061D+00
  257  531     1     3  con    1  9.0D-03  7.9D-06  9.625D-03  2.061D+00
  258  532     1     3  con    0  1.0D+00  3.5D-06  6.744D-03  2.061D+00
  259  534     1     3  con    1  3.6D-01  1.5D-05  2.163D-03  2.061D+00
  260  535     1     3  con    0  1.0D+00  5.2D-06  3.121D-03  2.061D+00
  261  536     1     3  con    0  1.0D+00  5.5D-06  4.691D-03  2.061D+00
  262  537     1     3  con    0  1.0D+00  8.3D-06  3.832D-03  2.061D+00
  263  538     1     3  con    0  1.0D+00  4.1D-06  2.888D-03  2.061D+00
  264  540     1     3  con    1  1.3D-01  2.6D-05  8.794D-03  2.061D+00
  265  541     1     3  con    0  1.0D+00  8.5D-06  2.961D-03  2.061D+00
  266  543     1     3  con    1  3.4D-01  4.9D-06  4.528D-03  2.061D+00
  267  545     1     3  con    1  2.9D-01  6.9D-06  7.404D-03  2.061D+00
  268  547     1     3  con    1  4.8D-01  1.1D-05  9.751D-03  2.061D+00
  269  548     1     3  con    0  1.0D+00  5.0D-06  8.638D-03  2.061D+00
  270  550     1     3  con    1  1.4D-01  2.2D-05  3.845D-03  2.061D+00
  271  551     1     3  con    0  1.0D+00  6.2D-06  3.158D-03  2.061D+00
  272  554     1     3  con    2  8.8D-01  3.6D-05  1.628D-03  2.061D+00
  273  555     1     3  con    0  1.0D+00  2.8D-06  1.366D-03  2.061D+00
  274  557     1     3  con    1  4.2D-01  5.0D-05  1.026D-02  2.061D+00
  275  558     1     3  con    0  1.0D+00  4.0D-05  9.640D-03  2.061D+00
  276  559     1     3  con    0  1.0D+00  1.9D-05  6.676D-03  2.061D+00
  277  560     1     3  con    0  1.0D+00  2.5D-05  5.734D-03  2.061D+00
  278  565     1     3  con    4  2.8D+00  3.3D-05  1.190D-02  2.061D+00
  279  566     1     3  con    0  1.0D+00  1.2D-04  2.696D-02  2.061D+00
  280  567     1     3  con    0  1.0D+00  1.6D-04  3.020D-02  2.061D+00
  281  568     1     3  con    0  1.0D+00  5.0D-05  1.120D-02  2.061D+00
  282  569     1     3  con    0  1.0D+00  6.9D-05  1.211D-02  2.061D+00
  283  571     1     3  con    1  3.7D-01  8.4D-05  2.553D-02  2.061D+00
  284  572     1     3  con    0  1.0D+00  5.6D-05  1.236D-02  2.061D+00
  285  574     1     3  con    1  3.0D-01  3.0D-05  8.647D-03  2.061D+00
  286  575     1     3  con    0  1.0D+00  1.5D-05  2.288D-03  2.061D+00
  287  577     1     3  con    1  3.7D-01  2.1D-05  2.655D-03  2.061D+00
  288  580     1     3  con    2  9.4D-02  4.7D-06  5.305D-03  2.061D+00
  289  581     1     3  con    0  1.0D+00  6.8D-06  3.121D-03  2.061D+00
  290  582     1     3  con    0  1.0D+00  5.7D-05  1.710D-02  2.061D+00
  291  583     1     3  con    0  1.0D+00  5.5D-06  1.009D-02  2.061D+00
  292  585     1     3  con    1  3.5D-01  1.7D-05  1.363D-03  2.061D+00
  293  586     1     3  con    0  1.0D+00  1.7D-05  2.379D-03  2.061D+00
  294  588     1     3  con    1  5.0D+00  5.4D-05  1.186D-02  2.061D+00
  295  594     1     3  con    5  1.0D+00  5.2D-05  1.320D-02  2.061D+00
  296  616     1     3  ---    1  1.2D-04  1.6D-06  1.710D-03  2.061D+00
  297  617     1     3  con    0  1.0D+00  3.0D-07  2.026D-03  2.061D+00
  298  618     1     3  con    0  1.0D+00  5.4D-07  1.730D-03  2.061D+00
  299  619     1     3  con    0  1.0D+00  4.1D-06  1.110D-03  2.061D+00
  300  621     1     3  con    1  5.0D+00  1.5D-05  3.131D-03  2.061D+00
  301  625     1     3  con    3  2.7D-01  8.9D-06  2.226D-03  2.061D+00
  302  626     1     3  con    0  1.0D+00  2.9D-06  2.537D-03  2.061D+00
  303  630     1     3  con    3  1.7D-02  5.9D-08  3.247D-03  2.061D+00
  304  631     1     3  con    0  1.0D+00  7.6D-07  2.044D-03  2.061D+00
  305  632     1     3  con    0  1.0D+00  8.7D-07  1.442D-03  2.061D+00
  306  633     1     3  con    0  1.0D+00  9.8D-07  1.895D-03  2.061D+00
  307  635     1     3  con    1  3.0D-01  1.7D-06  5.890D-03  2.061D+00
  308  637     1     3  con    1  2.8D-01  2.5D-06  8.610D-03  2.061D+00
  309  638     1     3  con    0  1.0D+00  1.6D-06  6.423D-03  2.061D+00
  310  639     1     3  con    0  1.0D+00  3.6D-06  1.668D-03  2.061D+00
  311  640     1     3  con    0  1.0D+00  6.7D-06  2.976D-03  2.061D+00
  312  644     1     3  con    3  1.8D+00  1.5D-05  3.569D-03  2.061D+00
  313  645     1     3  con    0  1.0D+00  1.4D-05  2.117D-03  2.061D+00
  314  653     1     3  con    7  4.6D-03  9.8D-08  2.304D-03  2.061D+00
  315  654     1     3  con    0  1.0D+00  1.5D-06  3.394D-03  2.061D+00
  316  656     1     3  con    1  5.0D+00  3.0D-05  1.441D-02  2.061D+00
  317  657     1     3  con    0  1.0D+00  2.4D-05  1.617D-02  2.061D+00
  318  662     1     3  con    4  5.8D-03  6.8D-07  1.688D-02  2.061D+00
  319  663     1     3  con    0  1.0D+00  4.0D-06  6.247D-03  2.061D+00
  320  664     1     3  con    0  1.0D+00  1.7D-06  1.125D-03  2.061D+00
  321  666     1     3  con    1  3.4D-01  2.3D-06  2.700D-03  2.061D+00
  322  668     1     3  con    1  5.0D+00  1.2D-05  1.320D-02  2.061D+00
  323  669     1     3  con    0  1.0D+00  2.7D-06  8.612D-03  2.061D+00
  324  671     1     3  con    1  4.4D-01  1.9D-06  1.941D-03  2.061D+00
  325  672     1     3  con    0  1.0D+00  7.1D-06  5.406D-03  2.061D+00
  326  673     1     3  con    0  1.0D+00  1.0D-06  2.389D-03  2.061D+00
  327  676     1     3  con    2  2.6D+00  1.1D-05  7.732D-03  2.061D+00
  328  678     1     3  con    1  5.0D-01  9.2D-06  1.101D-02  2.061D+00
  329  681     1     3  con    2  2.5D-02  9.1D-06  1.394D-02  2.061D+00
  330  682     1     3  con    0  1.0D+00  1.8D-06  8.327D-03  2.061D+00
  331  684     1     3  con    1  3.5D-01  7.9D-06  5.446D-03  2.061D+00
  332  687     1     3  con    2  2.6D+00  1.5D-05  1.316D-02  2.061D+00
  333  688     1     3  con    0  1.0D+00  4.3D-06  7.962D-03  2.061D+00
  334  689     1     3  con    0  1.0D+00  6.2D-06  1.671D-03  2.061D+00
  335  690     1     3  con    0  1.0D+00  2.6D-06  2.625D-03  2.061D+00
  336  692     1     3  con    1  5.5D-02  5.6D-06  5.447D-03  2.061D+00
  337  693     1     3  con    0  1.0D+00  1.1D-06  2.127D-03  2.061D+00
  338  696     1     3  con    2  2.4D+00  5.0D-06  4.931D-03  2.061D+00
  339  697     1     3  con    0  1.0D+00  2.5D-06  1.426D-03  2.061D+00
  340  698     1     3  con    0  1.0D+00  2.7D-06  6.638D-04  2.061D+00
  341  699     1     3  con    0  1.0D+00  1.8D-06  2.159D-03  2.061D+00
  342  700     1     3  con    0  1.0D+00  5.9D-06  2.499D-03  2.061D+00
  343  706     1     3  con    5  1.1D+00  2.7D-06  1.387D-03  2.061D+00
  344  707     1     3  con    0  1.0D+00  1.7D-06  1.285D-03  2.061D+00
  345  708     1     3  con    0  1.0D+00  1.8D-06  1.564D-03  2.061D+00
  346  710     1     3  con    1  1.1D-01  8.2D-06  1.046D-02  2.061D+00
  347  711     1     3  con    0  1.0D+00  1.9D-06  2.876D-03  2.061D+00
  348  713     1     3  con    1  5.0D+00  1.3D-05  2.362D-03  2.061D+00
  349  715     1     3  con    1  5.0D+00  1.8D-05  8.411D-03  2.061D+00
  350  721     1     3  con    5  9.8D+00  8.8D-05  2.200D-02  2.061D+00
  351  724     1     3  con    2  2.5D-01  6.3D-05  2.991D-02  2.061D+00
  352  731     1     3  con    6  1.3D-01  9.0D-05  3.765D-02  2.061D+00
  353  732     1     3  con    0  1.0D+00  5.9D-06  2.244D-02  2.061D+00
  354  733     1     3  con    0  1.0D+00  8.0D-05  3.769D-03  2.061D+00
  355  736     1     3  con    2  4.5D-02  5.6D-05  1.543D-02  2.061D+00
  356  740     1     3  con    3  1.2D+00  1.1D-04  3.059D-02  2.061D+00
  357  741     1     3  con    0  1.0D+00  2.6D-05  2.082D-02  2.061D+00
  358  742     1     3  con    0  1.0D+00  3.5D-05  2.407D-03  2.061D+00
  359  743     1     3  con    0  1.0D+00  6.0D-06  4.740D-03  2.061D+00
  360  744     1     3  con    0  1.0D+00  1.1D-05  3.166D-03  2.061D+00
  361  745     1     3  con    0  1.0D+00  7.0D-05  7.192D-03  2.061D+00
  362  747     1     3  con    1  3.7D-01  2.4D-04  3.014D-02  2.061D+00
  363  749     1     3  con    1  4.9D-01  1.7D-04  3.960D-02  2.061D+00
  364  750     1     3  con    0  1.0D+00  2.0D-04  3.957D-02  2.061D+00
  365  751     1     3  con    0  1.0D+00  1.5D-04  1.021D-02  2.061D+00
  366  752     1     3  con    0  1.0D+00  2.1D-04  1.048D-02  2.061D+00
  367  754     1     3  con    1  5.2D-01  2.1D-04  2.534D-02  2.061D+00
  368  755     1     3  con    0  1.0D+00  1.6D-04  1.824D-02  2.061D+00
  369  756     1     3  con    0  1.0D+00  2.2D-05  3.561D-03  2.061D+00
  370  758     1     3  con    1  2.4D-01  1.1D-04  1.749D-02  2.061D+00
  371  759     1     3  con    0  1.0D+00  2.8D-05  2.240D-02  2.061D+00
  372  760     1     3  con    0  1.0D+00  8.1D-05  2.030D-02  2.061D+00
  373  761     1     3  con    0  1.0D+00  1.3D-04  2.435D-02  2.061D+00
  374  762     1     3  con    0  1.0D+00  6.5D-05  1.464D-02  2.061D+00
  375  763     1     3  con    0  1.0D+00  1.2D-04  1.294D-02  2.061D+00
  376  764     1     3  con    0  1.0D+00  2.4D-05  9.676D-04  2.061D+00
  377  768     1     3  con    3  3.1D+00  2.1D-04  3.714D-02  2.061D+00
  378  769     1     3  con    0  1.0D+00  1.6D-04  4.681D-02  2.061D+00
  379  771     1     3  bnd    1  3.1D-01  1.7D-03  9.979D-02  2.061D+00
  380  772     1     3  con    0  1.0D+00  2.0D-04  3.071D-02  2.061D+00
  381  773     1     3  con    0  1.0D+00  8.7D-04  2.229D-02  2.061D+00
  382  774     1     3  con    0  1.0D+00  3.7D-04  1.310D-02  2.061D+00
  383  775     1     3  con    0  1.0D+00  1.3D-03  4.934D-03  2.061D+00
  384  779     1     3  con    3  1.7D+00  3.5D-04  1.272D-02  2.061D+00
  385  789     1     3  con    9  7.7D-06  6.6D-09  1.200D-02  2.061D+00
  386  790     1     3  con    0  1.0D+00  5.7D-05  1.534D-02  2.061D+00
  387  791     1     3  con    0  1.0D+00  4.9D-05  4.871D-03  2.061D+00
  388  794     1     3  con    2  9.2D-02  8.7D-06  2.979D-03  2.061D+00
  389  795     1     3  con    0  1.0D+00  1.1D-05  2.714D-03  2.061D+00
  390  799     1     3  con    3  1.7D-03  1.3D-06  4.861D-03  2.061D+00
  391  802     1     3  con    2  3.6D-02  4.4D-06  3.348D-03  2.061D+00
  392  805     1     3  con    2  8.6D-02  7.8D-06  3.877D-03  2.061D+00
  393  806     1     3  con    0  1.0D+00  1.0D-05  5.227D-03  2.061D+00
  394  808     1     3  con    1  2.4D-01  6.8D-06  2.450D-03  2.061D+00
  395  809     1     3  con    0  1.0D+00  3.4D-06  3.737D-03  2.061D+00
  396  812     1     3  con    2  2.3D+00  1.7D-05  3.192D-03  2.061D+00
  397  817     1     3  con    4  2.5D-03  2.6D-08  3.469D-03  2.061D+00
  398  823     1     3  con    5  4.1D-05  1.5D-08  4.436D-03  2.061D+00
  399  826     1     3  con    2  2.1D+00  1.1D-05  4.202D-03  2.061D+00
  400  829     1     3  con    2  7.5D-01  3.0D-06  2.086D-03  2.061D+00
  401  836     1     3  con    6  4.6D-02  1.1D-07  3.516D-03  2.061D+00
  402  858     1     3  ---    1  5.9D-04  2.7D-06  8.439D-03  2.061D+00
  403  860     1     3  con    1  5.0D+00  7.2D-06  4.153D-03  2.061D+00
  404  861     1     3  con    0  1.0D+00  3.0D-05  1.587D-02  2.061D+00
  405  862     1     3  con    0  1.0D+00  4.0D-05  1.311D-02  2.061D+00
  406  864     1     3  con    1  5.0D-01  7.1D-05  5.010D-03  2.061D+00
  407  865     1     3  con    0  1.0D+00  4.1D-06  2.597D-03  2.061D+00
  408  867     1     3  con    1  4.4D-01  1.9D-05  1.687D-02  2.061D+00
  409  869     1     3  con    1  4.0D-01  1.9D-05  2.490D-02  2.061D+00
  410  870     1     3  con    0  1.0D+00  2.2D-05  2.026D-02  2.061D+00
  411  871     1     3  con    0  1.0D+00  1.5D-05  6.568D-03  2.061D+00
  412  872     1     3  con    0  1.0D+00  1.6D-05  1.348D-02  2.061D+00
  413  873     1     3  con    0  1.0D+00  7.0D-06  2.397D-03  2.061D+00
  414  874     1     3  con    0  1.0D+00  4.7D-06  5.622D-03  2.061D+00
  415  875     1     3  con    0  1.0D+00  4.1D-06  1.027D-03  2.061D+00
  416  876     1     3  con    0  1.0D+00  2.5D-06  2.099D-03  2.061D+00
  417  879     1     3  con    2  2.3D-02  2.8D-06  2.035D-03  2.061D+00
  418  882     1     3  con    2  1.8D-01  1.2D-06  2.192D-03  2.061D+00
  419  883     1     3  con    0  1.0D+00  2.6D-06  1.577D-03  2.061D+00
  420  884     1     3  con    0  1.0D+00  1.6D-06  2.072D-03  2.061D+00
  421  885     1     3  con    0  1.0D+00  5.3D-06  4.885D-03  2.061D+00
  422  886     1     3  con    0  1.0D+00  9.7D-07  2.258D-03  2.061D+00
  423  887     1     3  con    0  1.0D+00  2.7D-06  2.702D-03  2.061D+00
  424  891     1     3  con    3  7.8D+00  1.6D-05  5.787D-03  2.061D+00
  425  893     1     3  con    1  2.0D-01  5.2D-06  6.961D-03  2.061D+00
  426  894     1     3  con    0  1.0D+00  4.8D-06  2.249D-03  2.061D+00
  427  895     1     3  con    0  1.0D+00  1.4D-05  7.978D-03  2.061D+00
  428  896     1     3  con    0  1.0D+00  6.8D-06  5.167D-03  2.061D+00
  429  898     1     3  con    1  9.9D-02  2.0D-05  1.336D-03  2.061D+00
  430  899     1     3  con    0  1.0D+00  7.3D-06  1.732D-03  2.061D+00
  431  901     1     3  con    1  4.0D-01  5.3D-06  2.457D-03  2.061D+00
  432  902     1     3  con    0  1.0D+00  5.7D-06  1.447D-03  2.061D+00
  433  909     1     3  con    6  8.6D-03  1.7D-08  1.686D-03  2.061D+00
  434  910     1     3  con    0  1.0D+00  1.7D-06  1.388D-03  2.061D+00
  435  912     1     3  con    1  3.9D-01  2.0D-06  2.302D-03  2.061D+00
  436  915     1     3  con    2  1.1D-01  1.5D-07  1.575D-03  2.061D+00
  437  917     1     3  con    1  3.7D-01  1.2D-07  1.031D-03  2.061D+00
  438  922     1     3  con    4  7.6D-03  2.1D-08  2.594D-03  2.061D+00
  439  927     1     3  con    4  4.7D-03  1.1D-08  1.238D-03  2.061D+00
  440  943     1     3  con   15  1.5D-06  3.1D-13  1.241D-03  2.061D+00
  441  956     1     3  con   12  5.1D-10  1.0D-16  1.241D-03  2.061D+00

CONVERGENCE: REL_REDUCTION_OF_F_<=_FACTR*EPSMCH             

 Warning:  more than 10 function and gradient
   evaluations in the last line search.  Termination
   may possibly be caused by a bad search direction.

 Total User time 5.312E-01 seconds.

